0000110000000101
0000100000000000
0000110000011001
0001100000011001
0001100000011001
0001100000011001
0000100000000001
0000100000000111
0000110000010100
0001100000011010
0000100000000010
0000010000000001
0000111000001010
0101000010000000
0000100100000011
0000110000000000
0000100000000100
0000100000001011
0000100000000101
0000110000011110
0001100000000010
0000100000000110
0000110000011001
0001100000011001
0000100000001000
0000100000001001
0000100000001010
0000100000011001
0000110000000001
0000100000001100
0000100000001101
0000100000001110
0000010000000011
0001100000011111
0001100000010011
0000100000001111
0001100000010001
0000100000010000
0001100000001111
0000100000010001
0001100000010010
0000100000010010
0001100000000111
0000100000010011
0001100000010101
0000100000010100
0001100000000100
0000100000010101
0001100000010101
0000100000010110
1010010001000000
1010010010000001
1111010100000010
0000100110000000
0000010000000100
0001100000000001
0000100000000100
0000010000000001
0001100000000001
0000100000000001
0001010100000010
1010010011001111
0010110111000000
0000010000000000
0001110000000001
0000100000000000
0100010011000000
1010010001001000
1111010100000010
0000100101000000
0000010000001000
0001100000000001
0000100000001000
0000010000000101
0001100000000001
0000100000000101
0001010100000010
1010010010010000
0010110110000000
0000010000001000
0001110000000010
0000100000001000
1010010001000111
0000010000011001
0000100000001010
0001010000000001
1010010010010101
0010100010000000
0000010000000111
0000100000001100
1010010001000111
0000011101000000
0001011100000010
1010010010010010
0010111110000000
0000110000000001
0000100000001110
0000011000001101
0001101000000001
0000101000001101
0000011101000000
0001011100000110
1010010010010011
0010111110000000
0000011000001110
0001101000000001
0000101000001110
0000011100000111
0001101100000001
0000101100000111
0000010100001000
0001010100001010
1010010001010100
0010100101000000
1010010010001010
0000011010000000
1010010010001100
0001011010000000
1010010010010001
0010111010000000
0000010000001100
0001100000000001
0000100000001100
0000010100001010
0001100100000001
0000100100001010
1010010001010011
0011010001000011
0000111100000001
0000101100001011
1010010001010101
0011010001000000
0000010000001011
0000010000001000
0001100000000001
0000100000001000
1010010001010110
0010100001000000
1010010001001001
0000010001000000
1111100000000001
0000010100001001
0001100100000001
0000100100001001
0001010100001000
1010010010010101
0010110110000110
0000010000001101
1111100000000001
0000010000001110
0001110000000001
1111100000000001